%YAML:1.0
---
mtx: !!opencv-matrix
   rows: 3
   cols: 3
   dt: d
   data: [ 2.7705410562177195e+02, 0., 1.9151332910875152e+02, 0.,
       2.8159900318962127e+02, 1.6295482869532654e+02, 0., 0., 1. ]
dist: !!opencv-matrix
   rows: 1
   cols: 5
   dt: d
   data: [ -2.7834283484787159e-01, 7.2289943069107498e-01,
       2.2075336253656378e-02, -1.5308456659335347e-02,
       -4.9729710172206493e-01 ]
